IID	Sex	PCA1	PCA2
11_002	2	-0.205550255428296	0.156405445829421
11_029	2	0.286501083012228	-0.107957365486706
11_003	2	-0.179074361615292	0.22686468985075
11_022	1	-0.0105443140523093	-0.139471301077184
11_007	2	0.0315642851093438	-0.0940596411993758
11_035	2	0.298112211998554	0.095998954110963
11_045	1	-0.263598071312356	-0.0389150355498516
11_005	1	-0.165738663877427	-0.117361229648767
11_051	2	-0.0414402996869878	-0.0976858728310738
11_023	1	-0.286894116586512	0.0486243596691314
11_009	2	0.756588337154149	-0.125851039158393
11_059	1	0.106784803024529	0.128096692336068
11_186	2	0.0620343639311752	-0.0328341882140495
11_094	1	-0.455902884192983	0.00105527848157311
11_190	1	0.267504786371592	0.0916229546610186
11_069	2	-0.282359603088916	-0.054692424057823
11_104	2	-0.3343566245272	0.216469031560911
11_082	2	0.327571233904436	0.0344187460623165
11_071	1	-0.1305526919589	0.186936931072638
11_119	1	0.0301851246330046	0.258579772257256
11_077	2	0.135059666846053	-0.0457509795630609
11_154	2	0.0882260415280916	-0.081010883124817
11_072	2	0.186724310695057	0.213569319586661
11_099	1	-0.305909226809495	-0.00210301255997424
11_101	1	0.0442601319608088	-0.0190798188390796
11_036	1	-0.285439767446208	0.248914426753193
11_138	1	-0.396833165231713	0.0241066412669462
11_147	2	-0.0262965416374	0.106974985259614
11_013	1	-0.21531486533359	0.153403817533525
11_095	1	-0.268817820983767	0.238154224143971
11_111	1	0.0160879503327014	0.178045674846231
11_233	2	0.104155277339906	0.2687222544138
11_102	2	0.132144474834881	0.310182110812182
11_234	2	-0.158758495164337	0.429201301335011
11_243	1	0.410360382901864	0.162755115220054
11_237	1	-0.38284786174499	-0.363242182509449
11_244	1	-0.085828130910487	0.179966270460145
11_238	2	-0.0581326972242077	0.0548451343113282
11_028	1	0.21665908326458	0.0373023180523593
11_038	1	-0.201670272029961	-0.125495354628775
11_239	2	0.177665677768183	0.0911041020952298
11_235	2	-0.0205477196665172	0.06223579135106
11_240	1	-0.596728956328035	0.006500572759595
11_033	1	-0.238591405802481	-0.0255909598178026
11_241	2	-0.135668174645752	0.230733457726778
11_026	2	0.178104533924972	-0.15163367262267
11_236	2	0.0443553767971903	0.0537148283412652
11_242	2	0.0812308002498245	-0.0967349582646175
11_056	2	0.321822660947342	0.0219455680036594
11_048	2	0.127471073996254	-0.105355565203152
11_010	2	0.139615184187128	0.0348039588935815
11_040	2	-0.0960336240540514	-0.23322249866946
11_015	2	-0.218490479432815	0.145364286765752
11_047	2	-0.0466718215164272	-0.0443795346897904
11_037	2	-0.0222931841253839	-0.0112572157720885
11_031	2	0.189588078237508	-0.00943163627753218
11_004	2	-0.384364321035254	0.434010925988096
11_049	2	0.00697628188455782	0.039231141698003
11_020	1	0.114547089161151	0.000378338262519533
11_039	2	0.0201211659088226	0.232596369921595
11_057	2	-0.105519761151864	-0.107014723962296
11_025	1	0.212994119258239	-0.0829253108609245
11_042	1	-0.140592657485825	0.229402277251128
11_032	2	-0.246422165565018	-0.0187550333139676
11_012	1	0.00845301348103245	0.0460779756376902
11_046	1	-0.180589214098524	0.0634415007074898
11_014	2	0.104978476850786	-0.0189727337038569
11_054	1	0.0440851685874796	-0.208135857438821
11_001	1	0.268817597896553	0.204139198841075
11_008	2	0.246399381560834	0.361544405845543
11_006	1	0.0304249575362781	-0.369930387087453
11_044	2	-0.334066027267138	-0.0670674085070861
11_052	1	0.0991949155502114	-0.141098990286406
11_017	2	0.262107516688124	-0.151336608863914
11_034	2	-0.0664269726489366	-0.00760943833704315
11_024	2	-0.500001128464533	-0.229755152852701
11_053	1	-0.115580368490838	-0.178767586334065
11_041	2	0.16115548009401	0.111802443857144
11_019	1	0.0191062589312952	-0.102099432836159
11_050	2	-0.118415674001959	0.193345001364397
11_055	2	0.469730405631336	-0.04419556087789
11_066	2	0.0896372590119123	0.00930614812521399
11_058	1	-0.0720008071200071	0.0829894506973015
11_067	2	0.275620174347391	-0.0850529387014479
11_060	1	-0.523349844095326	-0.0234115991828378
11_016	1	0.213563203209653	-0.017096990245523
11_061	1	-0.179535916672943	0.296529832698793
11_043	1	0.243246576563936	-0.108743408640184
11_062	2	-0.044254167070968	0.0704830196768374
11_021	1	-0.191734668014643	0.0305678391958099
11_064	1	0.0766182102641152	-0.0459202003926198
11_080	1	0.174902465442852	0.334824343127457
11_070	1	-0.176623583214039	0.172284000794523
11_081	2	0.19798934092663	-0.0356268535888334
11_083	1	-0.0161984342727386	0.249434395825094
11_073	1	0.247301696841985	-0.111601505849277
11_084	2	0.0366374064713308	-0.117979612754181
11_074	2	-0.0615850573540736	-0.0662931566011847
11_085	1	-0.304509460606335	0.0666005924507001
11_076	1	-0.155104342648543	0.110538114026601
